1418763773
 0 1 0 518404400 224813328 219 730 1921 3290 3290 0 0 295 24 5 4 383865 266906 280451 4 3 93
1418763774
 1 0 0 518404400 224809384 338 1734 1551 1607 1607 0 0 161 21 0 0 388281 274731 283255 5 3 92
1418763775
 kthr      memory            page            disk          faults      cpu
 r b w   swap  free  re  mf pi po fr de sr m0 m1 m2 m3   in   sy   cs us sy id
 1 0 0 518404400 224811488 3383 14973 1343 2581 2581 0 0 175 22 1 3 384217 310350 274788 6 4 90
1418763776
 1 0 0 518361952 224800688 1243 3474 104 3147 3147 0 0 240 26 8 0 380149 265509 265443 4 3 92

